5.000000000000000409e-06
9.506670117881900093e-06
9.097150936618963202e-06
7.527250195670583047e-06
6.908494999558786973e-06
7.148576084876385717e-06
7.439902737179132002e-06
8.086488188364808119e-06
9.177937965851563101e-06
1.100210218045303382e-05
1.555236740757286743e-05
2.383667492375768343e-05
3.496137466513514524e-05
4.944577726386650829e-05
6.782710553782606369e-05
9.065589793907860713e-05
1.184920678314881374e-04
1.519015425460615385e-04
1.914534088636971965e-04
2.377174974838387387e-04
2.912623461519483364e-04
3.526534883802538538e-04
4.224520215736473011e-04
5.012134146273041976e-04
5.894865206156140553e-04
6.878127650483849883e-04
7.967254843771071895e-04
9.167493930554411821e-04
1.048400160563851824e-03
1.192184082465396703e-03
1.348597831830106956e-03
1.518128279304811149e-03
1.701252371761337963e-03
1.898437060871891943e-03
2.110139274170407756e-03
2.336805922195085011e-03
2.578873936194886994e-03
2.836770331644327629e-03
3.110912293465108516e-03
3.401707279415249092e-03
3.709553138590777725e-03
4.034838242402277730e-03
4.377941625749019218e-03
4.739233136423780073e-03
5.119073591051624336e-03
5.517814936098099435e-03
5.935800412684168713e-03
6.373364724121080224e-03
6.830834205229197389e-03
7.308526992637921597e-03
